91	277
0
0
12.6406522373368
23.718328563682466
0.86233878473745873
705945.17579236091
0.040943583121941324
0.007695923610958018
0
0.13137759832419668
0.028728709332257945
0.082813716953130306
0
0.15773602986841317
0
0.10919175885727021
0.12182390811841033
0.09214245586300629
0.086618147364829964
0.14092819858605501
0
0
0.17535270739855119
0
0
0
0.49262580445627563
0
0.33202159720753277
0
0
0
0
0
0.24924974545469197
0.046849995280471006
0.17040997945149913
0.79977938783686486
0.17489000282454525
0.50414000719183816
0.47874000710930315
0.9602400049974753
0.32266279752479399
0.66472000514443774
0.74161997027042525
0.56093000246420399
0.52730000632756824
0.85791999493994009
0.24924975545333486
0.046850005099634273
0
0.79977939783376872
0.17489001278356411
0.504140017187374
0
0.9602400149947381
0
0.66472001514128343
0.74161998026690468
0.56093001246081442
0.5273000163239725
0.85792000493712595
0
0
0.17040998944730065
0
0
0
0.47874001710235875
0
0.32266280752429644
0
0
0
0
0
0.24924974545469197
0.046849995279498298
0.17040997945085359
0.79977938783589098
0.17489000282355527
0.50414000719078511
0.47874000710720194
0.9602400049965093
0.32266279752478749
0.66472000514344853
0.74161997026935966
0.56093000246323965
0.52730000632658058
0.85791999493897342
0
277256.10809107247
212799.49626122139
1.1853006284327779e-009
6.3170432983629109e-010
1.7374807762003204e-008
2.1223986497211621e-014
3.6593909851926404e-007
1.9468701496681828e-006
8773.1561792864013
1.1404531092515993e-007
5.2153291147757058e-007
1.8092376835271835e-007
12450.626261597547
9.4987623435970874e-008
129990.42542447524
1.3721704272404588e-007
1.2298877457315958e-007
1.6260658622275606e-007
1.729772607520761e-007
1.0631634531947283e-007
0.073576059751266631
94.316447872456408
8.5444798719289464e-008
22300.266706895065
4277.219899937947
8547.5845587105014
3.0414504055318437e-008
23218.961282471868
4.5126503040613696e-008
16292.640727828075
14239.067363744169
17917.397333510824
14599.447463423272
21312.527740142534
6.0111839120714703e-008
3.1980749750707614e-007
8.7923126245000792e-008
1.873391566411524e-008
8.5670828176047577e-008
2.9719860849714947e-008
3.1296675995930491e-008
1.5603360547183482e-008
4.6435396619497583e-008
2.2540273918879486e-008
2.0203034451433786e-008
2.6710946277405057e-008
2.8414509267119714e-008
1.7464299248723505e-008
6.011183670917229e-008
3.1980743217293877e-007
4568.8419237661628
1.8733915430409757e-008
8.5670823332317541e-008
2.9719860261776885e-008
4821.8135746254311
1.5603360385040243e-008
29820.177195542303
2.2540273580561193e-008
2.0203034179690691e-008
2.6710945802314246e-008
2.8414508729538567e-008
1.7464299045601583e-008
11045.207689536739
89.198334440943256
8.7923121095099779e-008
13052.731766642399
389.78457664430783
6360.596087916766
3.1296675345420067e-008
18616.419448646589
4.6435395180558025e-008
12747.76763682351
10790.337686030658
10262.9083262408
9252.3443962999445
17015.375956623331
6.0111839120687571e-008
3.1980749757495249e-007
8.792312624854098e-008
1.8733915664349815e-008
8.5670828180993257e-008
2.9719860850343856e-008
3.1296675997383563e-008
1.5603360547343995e-008
4.6435396619513729e-008
2.2540273919221555e-008
2.0203034451727478e-008
2.671094627787474e-008
2.8414509267662592e-008
1.7464299248924702e-008
132433.4710668984
1.4982970877201145e-014
1.4982970877201145e-014
1.498316027409226e-014
1.4983326256656918e-014
1.0883945366264929e-007
3.4892360461897531e-015
1.5622621980774005e-008
1.5099172860936401e-008
1.4982970727457491e-008
1.7249113688112716e-008
1.5426144033224068e-008
1.6335799055488123e-008
1.4982970727429248e-008
1.7788925183990138e-008
1.4982970727375812e-008
1.6819524219789712e-008
1.706146469560381e-008
1.6503658396923243e-008
1.6403841138465645e-008
1.7440882885132297e-008
1.4982972315480604e-008
1.4982970732573967e-008
1.8168942738737658e-008
1.4982970727401382e-008
1.4982970727492061e-008
1.4982970727431977e-008
2.9530417637688643e-008
1.4982970727393838e-008
2.2430319948411457e-008
1.4982970727403287e-008
1.4982970727407854e-008
1.4982970727400416e-008
1.4982970727406967e-008
1.4982970727395823e-008
1.4982974611732965e-014
1.4982971579152878e-014
1.4982973430448104e-014
1.4982982860259528e-014
1.4982973497573332e-014
1.4982978430720004e-014
1.4982978050152157e-014
1.4982985264462859e-014
1.498297571164868e-014
1.4982980836688163e-014
1.4982981988877625e-014
1.4982979281603587e-014
1.4982978777725925e-014
1.4982983731401917e-014
1.4982974611733111e-014
1.4982971579153017e-014
1.4982970877201142e-014
1.4982982860259679e-014
1.4982973497573477e-014
1.4982978430720153e-014
1.4982970877201142e-014
1.4982985264463014e-014
1.4982970877201145e-014
1.4982980836688314e-014
1.4982981988877774e-014
1.4982979281603738e-014
1.4982978777726077e-014
1.4982983731402065e-014
1.4982970877201145e-014
1.4982970877201151e-014
1.4982973430448249e-014
1.4982970877201145e-014
1.4982970877201145e-014
1.4982970877201142e-014
1.4982978050152302e-014
1.4982970877201145e-014
1.4982975711648832e-014
1.4982970877201145e-014
1.4982970877201145e-014
1.4982970877201145e-014
1.4982970877201145e-014
1.4982970877201145e-014
1.4982974611732965e-014
1.4982971579152878e-014
1.4982973430448104e-014
1.4982982860259528e-014
1.4982973497573332e-014
1.4982978430720007e-014
1.4982978050152157e-014
1.4982985264462862e-014
1.498297571164868e-014
1.4982980836688163e-014
1.4982981988877625e-014
1.4982979281603587e-014
1.4982978777725925e-014
1.4982983731401917e-014
1.4982970877201145e-014
-9.9999997853181313
-10.02814905953551
4561.3442651376954
-10.03342563257028
-10.096399515893433
-10.344255063540171
4808.6113185476624
-10.002783597548273
29815.177173179098
-10.093563943399349
-10.393061935026948
-9.996473526701914
-10.087702960064458
-10.005170303061194
11035.207689677381
79.170185061870768
-7.4976585411955519
13042.698341001864
379.68817704284584
6350.2518328235383
-13.202256046512057
18606.416665033503
-5.0000223174502372
12737.674072857631
10779.944624076488
10252.911852687494
9242.2566933115086
17005.37078630308
0.004622646308226612
-262032.25962470268
-22888.143261955338
-208737.7999613327
-266257.84467472433
-161945.26707989542
-177870.89056837061
-84825.320913915057
-261863.31902514026
-938359.13194926933
-262634.16198428575
-202977.03146060542
-302635.13559488626
-272313.40160649171
-268526.65897458699
-6.9896594905303786
132433.47106689872
7.4344697781790348e-009
1.0281500181549781
0.49765880301101934
0.033425656462481135
2.0963997726011541
5.3442551526034405
5.2022561402814942
3.0027836441667404
2.2454713156661707e-005
3.0935640108350713
0.39306199245852058
1.9964736065113335
4.0877030451764087
1.0051703546277222
9.9999999333956904
10.02814969861452
7.4976587157391457
10.033425648498348
10.09639968703172
10.344255122915607
13.202256109024866
10.002783628627185
5.0000224089588476
10.093563988356427
10.393061973314589
9.996473579908125
10.087703016805689
10.005170337438813
-9.9999998593569117
-10.028149379074128
-7.4976586284673168
-10.033425640534276
-10.096399601462352
-10.344255093227844
-13.202256077768382
-10.002783613087693
-5.0000223632045389
-10.09356396587785
-10.393061954170728
-9.9964735533049804
-10.087702988435034
-10.005170320249967
-5.0085204688987601e-005
60.535237670933277
3.1800909824182457
0.076119875917041516
0.25412644552030617
295487.03487958736
327002.04053949268
-2.9951064443627653e-010
